A C D E F G H I K L M N P Q R S T V W Y
A 0 0.3776471527864 0.4046461077336 0.39162171729156 0.4399014087086 0.3507542627496 0.4722761201008 0.39098910055326 0.3993951540066 0.431416097459 0.4541264305067 0.4743926826601 0.3132812268284 0.4373373416168 0.4026653309868 0.350567148541 0.3369845813384 0.307920762683 0.514586908981 0.4637722291068
C 0.3776471527864 0 0.3787270868234 0.3742651560432 0.3544436069789 0.37968755456486 0.39652320623351 0.38426211773983 0.4349459841345 0.4073220165445 0.4046193014552 0.3869093419996 0.39762989854382 0.4200125326545 0.4372784340915 0.4108187065067 0.4117544641944 0.4044498475636 0.3477896012733 0.38301587274537
D 0.4046461077336 0.3787270868234 0 0.3165942165447 0.4079767442291 0.39772608893089 0.4070410008868 0.4173689868057 0.4524461972532 0.4170201358927 0.4131414189552 0.3695911527243 0.346238111246 0.388584882660134 0.4481490469946 0.3994882403543 0.38246117749384 0.4083782787678 0.38487121125722 0.4081797820834
E 0.39162171729156 0.3742651560432 0.3165942165447 0 0.39421279046243 0.39450024506093 0.4225822722643 0.4025639718583 0.458493794563 0.38548418556143 0.406188900271 0.38368163596232 0.366432356585 0.3608816926729 0.4587624306434 0.4062586415148 0.3945052406169 0.39708488521969 0.39694174117935 0.4121409072203
F 0.4399014087086 0.3544436069789 0.4079767442291 0.39421279046243 0 0.39347350819482 0.39541962500507 0.3261504876276 0.438249443748 0.3401555523634 0.3574868331209 0.4113814929575 0.4809954422862 0.4820411657992 0.4516519847721 0.4758637135113 0.4667514293225 0.404816711102 0.3264264410609 0.3032032283474
G 0.3507542627496 0.37968755456486 0.39772608893089 0.39450024506093 0.39347350819482 0 0.414580468223 0.4097249122578 0.4027538658156 0.4216646566512 0.4154436996386 0.39305971162052 0.3795869236405 0.38476919964928 0.4122502006835 0.3585909168179 0.38040365421312 0.4017438974052 0.4136761048709 0.4095316760489
H 0.4722761201008 0.39652320623351 0.4070410008868 0.4225822722643 0.39541962500507 0.414580468223 0 0.4778726974866 0.3128774848172 0.4241948913864 0.389782584014348 0.3536318282115 0.4572308950177 0.39788673106807 0.279969527263 0.37964039584569 0.4124344210675 0.4760410673078 0.3766599059426 0.3524342564505
I 0.39098910055326 0.38426211773983 0.4173689868057 0.4025639718583 0.3261504876276 0.4097249122578 0.4778726974866 0 0.4271863926904 0.3004108963057 0.3338928459594 0.4483916085832 0.428229343535 0.4517105707499 0.499182629134 0.4508300399041 0.4229455712567 0.29772213572 0.38763730403531 0.4120818786699
K 0.3993951540066 0.4349459841345 0.4524461972532 0.458493794563 0.438249443748 0.4027538658156 0.3128774848172 0.4271863926904 0 0.4067504564903 0.39719519767485 0.4230076764383 0.4374238224765 0.4221825542568 0.173856704587 0.38425487725839 0.4221540506198 0.4290589681915 0.4488744452771 0.39367023649286
L 0.431416097459 0.4073220165445 0.4170201358927 0.38548418556143 0.3401555523634 0.4216646566512 0.4241948913864 0.3004108963057 0.4067504564903 0 0.3139693026371 0.4001888321101 0.440046035918 0.39036220858201 0.463956788629 0.4475178258739 0.420333718936 0.3440543095099 0.39656786281371 0.4027441604736
M 0.4541264305067 0.4046193014552 0.4131414189552 0.406188900271 0.3574868331209 0.4154436996386 0.389782584014348 0.3338928459594 0.39719519767485 0.3139693026371 0 0.38148389227813 0.480669864213 0.38712020517371 0.4147240443461 0.4185571117709 0.4345041985421 0.4010532789576 0.3680180613605 0.3764018701105
N 0.4743926826601 0.3869093419996 0.3695911527243 0.38368163596232 0.4113814929575 0.39305971162052 0.3536318282115 0.4483916085832 0.4230076764383 0.4001888321101 0.38148389227813 0 0.3996299803251 0.3476256717925 0.4228549899283 0.3719401613057 0.39197393167584 0.4327029844075 0.3593812088297 0.39108025278045
P 0.3132812268284 0.39762989854382 0.346238111246 0.366432356585 0.4809954422862 0.3795869236405 0.4572308950177 0.428229343535 0.4374238224765 0.440046035918 0.480669864213 0.3996299803251 0 0.3408723998236 0.4267364259816 0.39589392112321 0.3691040789982 0.3664927657386 0.4415291619251 0.4780284662315
Q 0.4373373416168 0.4200125326545 0.388584882660134 0.3608816926729 0.4820411657992 0.38476919964928 0.39788673106807 0.4517105707499 0.4221825542568 0.39036220858201 0.38712020517371 0.3476256717925 0.3408723998236 0 0.38186588708938 0.3532979970463 0.361554578478 0.421802990348 0.4009194243002 0.4377687503772
R 0.4026653309868 0.4372784340915 0.4481490469946 0.4587624306434 0.4516519847721 0.4122502006835 0.279969527263 0.499182629134 0.173856704587 0.463956788629 0.4147240443461 0.4228549899283 0.4267364259816 0.38186588708938 0 0.3685933533428 0.4298890228209 0.4825211457417 0.4447849506525 0.38075090505174
S 0.350567148541 0.4108187065067 0.3994882403543 0.4062586415148 0.4758637135113 0.3585909168179 0.37964039584569 0.4508300399041 0.38425487725839 0.4475178258739 0.4185571117709 0.3719401613057 0.39589392112321 0.3532979970463 0.3685933533428 0 0.3050960015419 0.39718460150486 0.4334556702779 0.4451461286583
T 0.3369845813384 0.4117544641944 0.38246117749384 0.3945052406169 0.4667514293225 0.38040365421312 0.4124344210675 0.4229455712567 0.4221540506198 0.420333718936 0.4345041985421 0.39197393167584 0.3691040789982 0.361554578478 0.4298890228209 0.3050960015419 0 0.3396976960098 0.4155150834015 0.4358845725707
V 0.307920762683 0.4044498475636 0.4083782787678 0.39708488521969 0.404816711102 0.4017438974052 0.4760410673078 0.29772213572 0.4290589681915 0.3440543095099 0.4010532789576 0.4327029844075 0.3664927657386 0.421802990348 0.4825211457417 0.39718460150486 0.3396976960098 0 0.4179667655052 0.4335068141652
W 0.514586908981 0.3477896012733 0.38487121125722 0.39694174117935 0.3264264410609 0.4136761048709 0.3766599059426 0.38763730403531 0.4488744452771 0.39656786281371 0.3680180613605 0.3593812088297 0.4415291619251 0.4009194243002 0.4447849506525 0.4334556702779 0.4155150834015 0.4179667655052 0 0.3098678465348
Y 0.4637722291068 0.38301587274537 0.4081797820834 0.4121409072203 0.3032032283474 0.4095316760489 0.3524342564505 0.4120818786699 0.39367023649286 0.4027441604736 0.3764018701105 0.39108025278045 0.4780284662315 0.4377687503772 0.38075090505174 0.4451461286583 0.4358845725707 0.4335068141652 0.3098678465348 0
